aviario,lote,dia,energia_kwh
666,95,2,1131.615
666,95,13,216.826
666,95,12,182.559
666,95,11,221.205
666,95,10,164.513
666,95,9,185.607
666,95,8,160.905
666,95,1,996.0310000000001
666,95,7,144.157
666,95,6,161.268
666,95,5,188.761
666,95,4,156.234
666,95,3,118.077
666,95,2,75.509
666,95,1,78.187
666,97,7,2211.194
666,97,49,110.95
666,97,48,72.701
666,97,47,215.702
666,97,46,440.175
666,97,45,475.834
666,97,44,469.96
666,97,43,425.872
666,97,6,2312.728
666,97,42,398.338
666,97,41,335.64
666,97,40,306.929
666,97,39,354.513
666,97,38,351.725
666,97,37,287.956
666,97,36,277.627
666,97,5,1551.76
666,97,35,238.064
666,97,34,203.627
666,97,33,184.222
666,97,32,180.767
666,97,31,222.735
666,97,30,254.923
666,97,29,267.422
666,97,4,1490.569
666,97,28,230.332
666,97,27,154.102
666,97,26,227.068
666,97,25,217.302
666,97,24,220.471
666,97,23,219.118
666,97,22,222.176
666,97,3,999.483
666,97,21,195.347
666,97,20,202.88
666,97,19,151.43
666,97,18,120.926
666,97,17,145.438
666,97,16,116.726
666,97,15,66.736
666,97,2,732.4010000000001
666,97,14,139.806
666,97,13,119.808
666,97,12,108.44
666,97,11,64.986
666,97,10,124.929
666,97,9,114.383
666,97,8,60.049
666,97,1,783.691
666,97,7,102.267
666,97,6,118.511
666,97,5,115.365
666,97,4,79.663
666,97,3,110.896
666,97,2,116.792
666,97,1,68.132
666,96,7,1761.3269999999998
666,96,47,164.954
666,96,46,131.857
666,96,45,410.783
666,96,44,531.102
666,96,43,522.631
666,96,6,3468.8300000000004
666,96,42,512.261
666,96,41,517.162
666,96,40,492.197
666,96,39,469.869
666,96,38,465.374
666,96,37,496.425
666,96,36,515.542
666,96,5,3495.067
666,96,35,513.945
666,96,34,509.459
666,96,33,513.533
666,96,32,507.408
666,96,31,480.446
666,96,30,477.541
666,96,29,492.735
666,96,4,3094.735
666,96,28,458.101
666,96,27,427.103
666,96,26,358.567
666,96,25,395.653
666,96,24,509.757
666,96,23,478.373
666,96,22,467.181
666,96,3,2411.281
666,96,21,391.316
666,96,20,342.988
666,96,19,406.092
666,96,18,388.581
666,96,17,324.467
666,96,16,276.35
666,96,15,281.487
666,96,2,1588.8999999999999
666,96,14,295.491
666,96,13,266.238
666,96,12,209.991
666,96,11,224.511
666,96,10,196.29
666,96,9,201.331
666,96,8,195.048
666,96,1,778.2879999999998
666,96,7,147.276
666,96,6,110.671
666,96,5,147.046
666,96,4,122.711
666,96,3,87.151
666,96,2,154.921
666,96,1,8.512
666,98,7,1313.3120000000001
666,98,47,72.456
666,98,46,205.819
666,98,45,352.971
666,98,44,358.752
666,98,43,323.314
666,98,6,1576.6140000000003
666,98,42,295.076
666,98,41,249.037
666,98,40,226.83
666,98,39,212.001
666,98,38,213.068
666,98,37,206.903
666,98,36,173.699
666,98,5,1099.023
666,98,35,178.302
666,98,34,176.385
666,98,33,132.838
666,98,32,101.506
666,98,31,133.823
666,98,30,156.381
666,98,29,219.788
666,98,4,696.814
666,98,28,104.473
666,98,27,91.19
666,98,26,87.663
666,98,25,92.156
666,98,24,103.217
666,98,23,125.389
666,98,22,92.726
666,98,3,801.1899999999999
666,98,21,85.485
666,98,20,137.749
666,98,19,156.646
666,98,18,147.201
666,98,17,118.184
666,98,16,78.804
666,98,15,77.121
666,98,2,486.49299999999994
666,98,14,68.51
666,98,13,63.858
666,98,12,64.452
666,98,11,70.267
666,98,10,75.458
666,98,9,73.818
666,98,8,70.13
666,98,1,457.823
666,98,7,59.036
666,98,6,52.83
666,98,5,68.949
666,98,4,59.437
666,98,3,58.519
666,98,2,56.15
666,98,1,51.457
666,93,7,556.3209999999999
666,93,46,46.499
666,93,44,131.682
666,93,43,378.14
666,93,6,2075.999
666,93,42,336.056
666,93,41,272.098
666,93,40,236.198
666,93,39,313.902
666,93,38,313.778
666,93,37,312.991
666,93,36,290.976
666,93,5,1625.021
666,93,35,276.398
666,93,34,260.024
666,93,33,235.968
666,93,32,231.658
666,93,31,233.759
666,93,30,210.214
666,93,29,177.0
666,93,4,755.867
666,93,28,200.017
666,93,27,150.481
666,93,26,74.78
666,93,25,95.386
666,93,24,80.096
666,93,23,67.425
666,93,22,87.682
666,93,3,515.249
666,93,21,61.604
666,93,20,59.551
666,93,19,52.853
666,93,18,53.164
666,93,17,54.611
666,93,16,127.383
666,93,15,106.083
666,93,2,559.5200000000001
666,93,14,103.707
666,93,13,94.106
666,93,12,72.658
666,93,11,56.34
666,93,10,75.488
666,93,9,84.925
666,93,8,72.296
666,93,1,545.2900000000001
666,93,7,60.384
666,93,6,57.926
666,93,5,87.521
666,93,4,88.071
666,93,3,68.448
666,93,2,70.3
666,93,1,50.076
666,94,7,2298.469
666,94,47,423.043
666,94,46,527.433
666,94,45,504.923
666,94,44,432.661
666,94,43,410.409
666,94,6,3192.313
666,94,42,384.508
666,94,41,385.428
666,94,40,474.148
666,94,39,496.46
666,94,38,482.403
666,94,37,489.874
666,94,36,479.492
666,94,5,2094.105
666,94,35,385.923
666,94,34,359.265
666,94,33,377.315
666,94,32,323.823
666,94,31,271.676
666,94,30,243.606
666,94,29,132.497
666,94,4,1956.273
666,94,28,203.432
666,94,27,316.163
666,94,26,306.556
666,94,25,292.49
666,94,24,278.754
666,94,23,278.08
666,94,22,280.798
666,94,3,1269.548
666,94,21,289.004
666,94,20,188.347
666,94,19,110.031
666,94,18,199.187
666,94,17,240.643
666,94,16,153.214
666,94,15,89.122
666,94,2,856.989
666,94,14,228.543
666,94,13,184.507
666,94,12,120.979
666,94,11,107.63
666,94,10,112.494
666,94,9,54.592
666,94,8,48.244
666,94,1,624.678
666,94,7,58.421
666,94,6,59.9
666,94,5,101.951
666,94,4,115.543
666,94,3,95.745
666,94,2,81.208
666,94,1,79.053
666,99,7,961.681
666,99,46,67.814
666,99,45,80.941
666,99,44,359.145
666,99,43,453.781
666,99,6,2734.168
666,99,42,455.572
666,99,41,440.584
666,99,40,388.099
666,99,39,383.341
666,99,38,402.38
666,99,37,358.083
666,99,36,306.109
666,99,5,1739.2040000000002
666,99,35,270.158
666,99,34,314.526
666,99,33,242.908
666,99,32,197.898
666,99,31,184.399
666,99,30,267.578
666,99,29,261.737
666,99,4,1288.781
666,99,28,255.069
666,99,27,193.583
666,99,26,218.401
666,99,25,202.773
666,99,24,177.754
666,99,23,139.714
666,99,22,101.487
666,99,3,646.176
666,99,21,69.605
666,99,20,63.834
666,99,19,67.706
666,99,18,124.395
666,99,17,143.342
666,99,16,116.576
666,99,15,60.718
666,99,2,593.207
666,99,14,105.312
666,99,13,117.565
666,99,12,102.778
666,99,11,79.561
666,99,10,66.225
666,99,9,63.173
666,99,8,58.593
666,99,1,308.56399999999996
666,99,7,58.458
666,99,6,54.807
666,99,5,27.287
666,99,2,41.497
666,99,1,76.593
666,85,7,2039.411
666,85,47,377.514
666,85,46,398.359
666,85,45,393.497
666,85,44,420.374
666,85,43,449.667
666,85,6,2475.322
666,85,42,422.697
666,85,41,377.534
666,85,40,425.865
666,85,39,421.738
666,85,38,321.2
666,85,37,197.068
666,85,36,309.22
666,85,5,1870.02
666,85,35,247.089
666,85,34,236.926
666,85,33,242.286
666,85,32,246.41
666,85,31,316.957
666,85,30,271.021
666,85,29,309.331
666,85,4,1714.56
666,85,28,268.382
666,85,27,265.647
666,85,26,280.126
666,85,25,263.85
666,85,24,223.125
666,85,23,198.745
666,85,22,214.685
666,85,3,1065.336
666,85,21,196.906
666,85,20,134.93
666,85,19,137.325
666,85,18,162.112
666,85,17,112.873
666,85,16,144.547
666,85,15,176.643
666,85,2,1093.435
666,85,14,178.263
666,85,13,183.209
666,85,12,167.406
666,85,11,188.049
666,85,10,153.316
666,85,9,137.667
666,85,8,85.525
666,85,1,818.919
666,85,7,131.81
666,85,6,131.238
666,85,5,115.108
666,85,4,100.692
666,85,3,94.096
666,85,2,105.807
666,85,1,82.069
1117,27,7,2532.46
1117,27,47,247.102
1117,27,46,643.859
1117,27,45,497.74
1117,27,44,545.994
1117,27,43,597.765
1117,27,6,3609.591
1117,27,42,543.21
1117,27,41,489.794
1117,27,40,452.521
1117,27,39,547.287
1117,27,38,533.177
1117,27,37,490.314
1117,27,36,553.288
1117,27,5,3703.066
1117,27,35,527.248
1117,27,34,498.77
1117,27,33,488.26
1117,27,32,587.967
1117,27,31,518.542
1117,27,30,498.395
1117,27,29,583.884
1117,27,4,2254.099
1117,27,28,499.565
1117,27,27,311.018
1117,27,26,250.712
1117,27,25,219.167
1117,27,24,258.002
1117,27,23,394.259
1117,27,22,321.376
1117,27,3,1827.852
1117,27,21,270.958
1117,27,20,266.485
1117,27,19,235.708
1117,27,18,369.135
1117,27,17,297.156
1117,27,16,208.043
1117,27,15,180.367
1117,27,2,1259.3169999999998
1117,27,14,133.323
1117,27,13,213.919
1117,27,12,212.831
1117,27,11,210.651
1117,27,10,166.704
1117,27,9,179.1
1117,27,8,142.789
1117,27,1,1131.488
1117,27,7,164.009
1117,27,6,158.661
1117,27,5,225.663
1117,27,4,214.563
1117,27,3,162.08
1117,27,2,74.133
1117,27,1,57.119
1117,31,7,888.717
1117,31,45,194.695
1117,31,44,214.403
1117,31,43,479.619
1117,31,6,2921.434
1117,31,42,528.424
1117,31,41,475.222
1117,31,40,415.24
1117,31,39,403.216
1117,31,38,424.534
1117,31,37,363.933
1117,31,36,310.865
1117,31,5,1710.566
1117,31,35,305.094
1117,31,34,373.287
1117,31,33,229.765
1117,31,32,159.29
1117,31,31,150.842
1117,31,30,238.547
1117,31,29,253.741
1117,31,4,1050.263
1117,31,28,206.64
1117,31,27,147.462
1117,31,26,178.896
1117,31,25,162.648
1117,31,24,134.46
1117,31,23,118.569
1117,31,22,101.588
1117,31,3,641.709
1117,31,21,80.872
1117,31,20,76.971
1117,31,19,77.392
1117,31,18,122.03
1117,31,17,128.379
1117,31,16,95.511
1117,31,15,60.554
1117,31,2,391.57800000000003
1117,31,14,87.518
1117,31,13,84.318
1117,31,12,65.711
1117,31,11,51.812
1117,31,10,36.508
1117,31,9,33.953
1117,31,8,31.758
1117,31,1,234.547
1117,31,7,30.91
1117,31,6,28.656
1117,31,5,30.641
1117,31,4,29.031
1117,31,3,29.408
1117,31,2,30.51
1117,31,1,29.95
1117,25,7,736.155
1117,25,46,192.502
1117,25,44,59.559
1117,25,43,484.094
1117,25,6,2655.885
1117,25,42,474.4
1117,25,41,400.611
1117,25,40,322.405
1117,25,39,345.256
1117,25,38,356.054
1117,25,37,395.817
1117,25,36,361.342
1117,25,5,1965.3469999999998
1117,25,35,327.659
1117,25,34,300.895
1117,25,33,296.788
1117,25,32,250.45
1117,25,31,244.739
1117,25,30,281.812
1117,25,29,263.004
1117,25,4,932.465
1117,25,28,228.08
1117,25,27,158.672
1117,25,26,127.198
1117,25,25,99.42
1117,25,24,100.201
1117,25,23,118.521
1117,25,22,100.373
1117,25,3,648.314
1117,25,21,110.469
1117,25,20,72.238
1117,25,19,69.565
1117,25,18,74.25
1117,25,17,64.763
1117,25,16,141.039
1117,25,15,115.99
1117,25,2,535.359
1117,25,14,110.482
1117,25,13,107.544
1117,25,12,75.07
1117,25,11,56.589
1117,25,10,57.968
1117,25,9,67.689
1117,25,8,60.017
1117,25,1,475.847
1117,25,7,52.773
1117,25,6,51.041
1117,25,5,90.53
1117,25,4,84.433
1117,25,3,53.289
1117,25,2,48.704
1117,25,1,41.367
1117,24,7,1986.94
1117,24,46,533.158
1117,24,45,576.894
1117,24,44,495.937
1117,24,43,380.951
1117,24,6,1722.2659999999998
1117,24,42,320.383
1117,24,41,291.403
1117,24,40,236.935
1117,24,39,278.756
1117,24,38,222.595
1117,24,37,190.277
1117,24,36,181.917
1117,24,5,1948.9159999999997
1117,24,35,241.547
1117,24,34,466.419
1117,24,33,433.551
1117,24,32,332.695
1117,24,31,205.707
1117,24,30,85.58
1117,24,29,183.417
1117,24,4,1321.933
1117,24,28,283.958
1117,24,27,208.77
1117,24,26,62.783
1117,24,25,48.252
1117,24,24,169.117
1117,24,23,306.053
1117,24,22,243.0
1117,24,3,1745.1400000000003
1117,24,21,274.103
1117,24,20,247.459
1117,24,19,290.454
1117,24,18,240.884
1117,24,17,197.362
1117,24,16,247.266
1117,24,15,247.612
1117,24,2,1260.3000000000002
1117,24,14,171.429
1117,24,13,230.661
1117,24,12,241.076
1117,24,11,205.57
1117,24,10,153.215
1117,24,9,134.334
1117,24,8,124.015
1117,24,1,576.95
1117,24,7,112.162
1117,24,6,104.637
1117,24,5,42.019
1117,24,4,84.896
1117,24,3,93.829
1117,24,2,57.772
1117,24,1,41.059
1117,26,7,2820.298
1117,26,47,348.817
1117,26,46,753.064
1117,26,45,661.882
1117,26,44,560.948
1117,26,43,495.587
1117,26,6,4283.147999999999
1117,26,42,456.823
1117,26,41,457.854
1117,26,40,647.862
1117,26,39,706.341
1117,26,38,701.229
1117,26,37,687.256
1117,26,36,625.783
1117,26,5,2509.3250000000003
1117,26,35,439.699
1117,26,34,481.297
1117,26,33,536.775
1117,26,32,370.164
1117,26,31,299.129
1117,26,30,260.987
1117,26,29,121.274
1117,26,4,1979.1050000000002
1117,26,28,184.55
1117,26,27,344.811
1117,26,26,311.618
1117,26,25,259.43
1117,26,24,260.706
1117,26,23,267.913
1117,26,22,350.077
1117,26,3,1251.94
1117,26,21,282.581
1117,26,20,174.935
1117,26,19,109.354
1117,26,18,201.283
1117,26,17,225.021
1117,26,16,145.885
1117,26,15,112.881
1117,26,2,744.9639999999999
1117,26,14,200.9
1117,26,13,165.105
1117,26,12,103.863
1117,26,11,88.99
1117,26,10,71.995
1117,26,9,50.763
1117,26,8,63.348
1117,26,1,307.88899999999995
1117,26,7,60.459
1117,26,6,76.613
1117,26,5,71.902
1117,26,4,67.573
1117,26,3,31.342
1117,26,2,0.0
1117,22,7,2575.665
1117,22,47,463.611
1117,22,46,490.311
1117,22,45,558.17
1117,22,44,545.636
1117,22,43,517.937
1117,22,6,4219.036
1117,22,42,592.549
1117,22,41,671.402
1117,22,40,657.223
1117,22,39,601.592
1117,22,38,587.153
1117,22,37,561.451
1117,22,36,547.666
1117,22,5,3227.913
1117,22,35,547.891
1117,22,34,505.934
1117,22,33,446.164
1117,22,32,491.651
1117,22,31,457.038
1117,22,30,361.425
1117,22,29,417.81
1117,22,4,2332.076
1117,22,28,315.223
1117,22,27,331.541
1117,22,26,330.54
1117,22,25,397.895
1117,22,24,355.749
1117,22,23,328.481
1117,22,22,272.647
1117,22,3,1505.397
1117,22,21,211.544
1117,22,20,242.018
1117,22,19,270.03
1117,22,18,218.094
1117,22,17,176.758
1117,22,16,173.408
1117,22,15,213.545
1117,22,2,1115.3919999999998
1117,22,14,191.142
1117,22,13,172.497
1117,22,12,150.911
1117,22,11,123.534
1117,22,10,141.03
1117,22,9,191.908
1117,22,8,144.37
1117,22,1,955.0060000000001
1117,22,7,123.645
1117,22,6,156.179
1117,22,5,166.053
1117,22,4,135.559
1117,22,3,129.929
1117,22,2,124.544
1117,22,1,104.714
1117,28,7,1561.6170000000002
1117,28,47,96.546
1117,28,46,146.963
1117,28,45,404.749
1117,28,44,450.883
1117,28,43,462.476
1117,28,6,3980.7720000000004
1117,28,42,624.116
1117,28,41,632.467
1117,28,40,574.635
1117,28,39,590.814
1117,28,38,563.543
1117,28,37,557.583
1117,28,36,437.614
1117,28,5,3262.402
1117,28,35,502.935
1117,28,34,507.661
1117,28,33,484.367
1117,28,32,444.22
1117,28,31,471.082
1117,28,30,397.067
1117,28,29,455.07
1117,28,4,2605.689
1117,28,28,433.652
1117,28,27,438.403
1117,28,26,281.96
1117,28,25,326.846
1117,28,24,440.955
1117,28,23,412.509
1117,28,22,271.364
1117,28,3,1799.0119999999997
1117,28,21,344.224
1117,28,20,262.584
1117,28,19,261.695
1117,28,18,340.185
1117,28,17,308.378
1117,28,16,193.77
1117,28,15,88.176
1117,28,2,1275.54
1117,28,14,241.902
1117,28,13,224.821
1117,28,12,195.636
1117,28,11,168.713
1117,28,10,159.912
1117,28,9,153.846
1117,28,8,130.71
1117,28,1,687.658
1117,28,7,102.377
1117,28,6,83.323
1117,28,5,104.433
1117,28,4,89.131
1117,28,3,66.217
1117,28,2,107.427
1117,28,1,63.453
1117,30,7,1065.956
1117,30,47,85.937
1117,30,46,179.564
1117,30,45,266.666
1117,30,44,270.157
1117,30,43,263.632
1117,30,6,1274.195
1117,30,42,235.078
1117,30,41,206.474
1117,30,40,180.077
1117,30,39,170.559
1117,30,38,159.703
1117,30,37,166.72
1117,30,36,155.584
1117,30,5,878.793
1117,30,35,135.354
1117,30,34,126.61
1117,30,33,104.255
1117,30,32,86.824
1117,30,31,119.876
1117,30,30,132.859
1117,30,29,173.015
1117,30,4,543.828
1117,30,28,78.719
1117,30,27,73.381
1117,30,26,61.181
1117,30,25,74.169
1117,30,24,91.038
1117,30,23,91.502
1117,30,22,73.838
1117,30,3,556.0419999999999
1117,30,21,75.007
1117,30,20,95.659
1117,30,19,109.138
1117,30,18,100.494
1117,30,17,86.034
1117,30,16,45.323
1117,30,15,44.387
1117,30,2,264.06500000000005
1117,30,14,41.439
1117,30,13,39.402
1117,30,12,40.092
1117,30,11,40.021
1117,30,10,39.05
1117,30,9,33.633
1117,30,8,30.428
1117,30,1,217.421
1117,30,7,29.388
1117,30,6,28.13
1117,30,5,31.762
1117,30,4,28.807
1117,30,3,26.242
1117,30,2,25.779
1117,30,1,26.298
1117,23,7,3205.496
1117,23,47,609.079
1117,23,46,649.018
1117,23,45,670.615
1117,23,44,640.64
1117,23,43,636.144
1117,23,6,4456.509
1117,23,42,678.395
1117,23,41,692.364
1117,23,40,669.524
1117,23,39,636.156
1117,23,38,610.719
1117,23,37,575.005
1117,23,36,594.346
1117,23,5,3649.138
1117,23,35,562.909
1117,23,34,572.775
1117,23,33,538.713
1117,23,32,325.583
1117,23,31,551.661
1117,23,30,512.871
1117,23,29,584.626
1117,23,4,2789.933
1117,23,28,526.272
1117,23,27,466.5
1117,23,26,360.712
1117,23,25,361.749
1117,23,24,352.068
1117,23,23,377.302
1117,23,22,345.33
1117,23,3,1875.7269999999999
1117,23,21,263.482
1117,23,20,259.999
1117,23,19,311.488
1117,23,18,214.733
1117,23,17,229.923
1117,23,16,326.183
1117,23,15,269.919
1117,23,2,1595.571
1117,23,14,275.533
1117,23,13,316.712
1117,23,12,244.075
1117,23,11,212.045
1117,23,10,213.357
1117,23,9,166.614
1117,23,8,167.235
1117,23,1,794.913
1117,23,7,177.313
1117,23,6,151.266
1117,23,5,106.102
1117,23,4,79.585
1117,23,3,61.485
1117,23,2,61.149
1117,23,1,87.174
1117,29,7,2180.608
1117,29,49,53.682
1117,29,48,87.545
1117,29,47,417.533
1117,29,46,467.309
1117,29,45,451.902
1117,29,44,398.016
1117,29,43,304.621
1117,29,6,1985.004
1117,29,42,313.283
1117,29,41,304.613
1117,29,40,269.621
1117,29,39,289.591
1117,29,38,313.65
1117,29,37,261.813
1117,29,36,232.433
1117,29,5,1156.999
1117,29,35,183.634
1117,29,34,169.452
1117,29,33,163.607
1117,29,32,116.118
1117,29,31,153.119
1117,29,30,180.352
1117,29,29,190.717
1117,29,4,1136.756
1117,29,28,139.161
1117,29,27,125.014
1117,29,26,173.442
1117,29,25,178.871
1117,29,24,166.905
1117,29,23,171.997
1117,29,22,181.366
1117,29,3,779.389
1117,29,21,187.081
1117,29,20,152.816
1117,29,19,115.347
1117,29,18,83.41
1117,29,17,106.773
1117,29,16,76.629
1117,29,15,57.333
1117,29,2,538.479
1117,29,14,85.781
1117,29,13,55.192
1117,29,12,55.364
1117,29,11,47.72
1117,29,10,88.412
1117,29,9,112.391
1117,29,8,93.619
1117,29,1,662.145
1117,29,7,106.16
1117,29,6,110.983
1117,29,5,116.326
1117,29,4,97.969
1117,29,3,84.344
1117,29,2,67.832
1117,29,1,32.762
665,98,7,1231.8629999999998
665,98,47,50.641
665,98,46,204.32
665,98,45,334.304
665,98,44,334.209
665,98,43,308.389
665,98,6,1561.788
665,98,42,257.008
665,98,41,225.519
665,98,40,220.335
665,98,39,224.087
665,98,38,220.419
665,98,37,224.814
665,98,36,189.606
665,98,5,1093.606
665,98,35,172.223
665,98,34,176.495
665,98,33,154.184
665,98,32,126.625
665,98,31,132.299
665,98,30,138.362
665,98,29,193.418
665,98,4,624.8639999999999
665,98,28,91.129
665,98,27,84.445
665,98,26,77.878
665,98,25,78.785
665,98,24,89.944
665,98,23,119.707
665,98,22,82.976
665,98,3,735.266
665,98,21,74.764
665,98,20,129.098
665,98,19,147.407
665,98,18,135.801
665,98,17,110.71
665,98,16,66.644
665,98,15,70.842
665,98,2,420.572
665,98,14,64.634
665,98,13,61.59
665,98,12,60.113
665,98,11,58.958
665,98,10,60.518
665,98,9,58.386
665,98,8,56.373
665,98,1,414.39
665,98,7,51.794
665,98,6,47.154
665,98,5,61.33
665,98,4,50.824
665,98,3,51.219
665,98,2,53.895
665,98,1,52.633
665,89,7,1239.995
665,89,46,27.011
665,89,45,266.541
665,89,44,493.104
665,89,43,453.339
665,89,6,3181.322
665,89,42,493.803
665,89,41,500.94
665,89,40,507.559
665,89,39,495.27
665,89,38,481.831
665,89,37,400.445
665,89,36,301.474
665,89,5,2509.906
665,89,35,461.223
665,89,34,410.525
665,89,33,416.265
665,89,32,367.226
665,89,31,233.814
665,89,30,343.695
665,89,29,277.158
665,89,4,1260.6200000000001
665,89,28,263.653
665,89,27,192.683
665,89,26,113.562
665,89,25,119.732
665,89,24,190.768
665,89,23,174.206
665,89,22,206.016
665,89,3,1075.452
665,89,21,193.969
665,89,20,253.928
665,89,19,154.257
665,89,18,54.457
665,89,17,188.142
665,89,16,172.411
665,89,15,58.288
665,89,2,967.0409999999999
665,89,14,214.29
665,89,13,182.26
665,89,12,175.415
665,89,11,83.196
665,89,10,97.239
665,89,9,158.399
665,89,8,56.242
665,89,1,761.615
665,89,7,188.143
665,89,6,134.296
665,89,5,67.5
665,89,4,52.645
665,89,3,52.465
665,89,2,151.513
665,89,1,66.227
665,87,7,904.004
665,87,46,206.826
665,87,45,228.682
665,87,44,229.665
665,87,43,238.831
665,87,6,1425.11
665,87,42,233.363
665,87,41,222.315
665,87,40,218.182
665,87,39,178.029
665,87,38,182.314
665,87,37,207.029
665,87,36,183.878
665,87,5,1063.613
665,87,35,192.445
665,87,34,191.736
665,87,33,173.261
665,87,32,205.628
665,87,31,126.317
665,87,30,94.677
665,87,29,79.549
665,87,4,547.169
665,87,28,91.792
665,87,27,86.752
665,87,26,84.611
665,87,25,70.272
665,87,24,70.036
665,87,23,69.083
665,87,22,74.623
665,87,3,637.8699999999999
665,87,21,78.747
665,87,20,76.934
665,87,19,76.306
665,87,18,109.759
665,87,17,104.173
665,87,16,96.785
665,87,15,95.166
665,87,2,524.227
665,87,14,91.156
665,87,13,87.775
665,87,12,83.786
665,87,11,70.833
665,87,10,65.417
665,87,9,67.143
665,87,8,58.117
665,87,1,493.54
665,87,7,54.337
665,87,6,56.277
665,87,5,57.162
665,87,4,54.459
665,87,3,63.687
665,87,2,68.456
665,87,1,69.775
665,94,7,2176.288
665,94,47,419.376
665,94,46,500.553
665,94,45,472.375
665,94,44,402.935
665,94,43,381.049
665,94,6,2905.908
665,94,42,365.109
665,94,41,343.769
665,94,40,418.166
665,94,39,440.648
665,94,38,449.585
665,94,37,451.555
665,94,36,437.076
665,94,5,2033.0679999999998
665,94,35,367.701
665,94,34,348.916
665,94,33,371.493
665,94,32,314.039
665,94,31,279.714
665,94,30,230.011
665,94,29,121.194
665,94,4,1671.04
665,94,28,182.773
665,94,27,306.819
665,94,26,274.089
665,94,25,237.239
665,94,24,189.848
665,94,23,221.457
665,94,22,258.815
665,94,3,1066.416
665,94,21,209.666
665,94,20,141.261
665,94,19,88.863
665,94,18,187.263
665,94,17,220.538
665,94,16,145.153
665,94,15,73.672
665,94,2,854.437
665,94,14,236.257
665,94,13,190.695
665,94,12,114.13
665,94,11,105.686
665,94,10,88.073
665,94,9,60.715
665,94,8,58.881
665,94,1,573.453
665,94,7,64.2
665,94,6,56.211
665,94,5,101.82
665,94,4,85.433
665,94,3,81.599
665,94,2,77.837
665,94,1,77.194
665,86,7,1693.1789999999999
665,86,47,362.703
665,86,46,366.059
665,86,45,349.956
665,86,44,313.701
665,86,43,300.76
665,86,6,1164.563
665,86,42,99.525
665,86,41,0.0
665,86,40,23.271
665,86,39,296.315
665,86,38,302.692
665,86,37,249.25
665,86,36,193.51
665,86,5,1349.899
665,86,35,180.296
665,86,34,156.594
665,86,33,169.591
665,86,32,198.164
665,86,31,191.581
665,86,30,231.104
665,86,29,222.569
665,86,4,1208.53
665,86,28,166.826
665,86,27,171.507
665,86,26,175.873
665,86,25,183.873
665,86,24,164.52
665,86,23,184.266
665,86,22,161.665
665,86,3,888.7389999999999
665,86,21,118.465
665,86,20,74.333
665,86,19,127.743
665,86,18,139.415
665,86,17,151.684
665,86,16,138.325
665,86,15,138.774
665,86,2,800.051
665,86,14,123.626
665,86,13,84.92
665,86,12,119.663
665,86,11,131.805
665,86,10,117.376
665,86,9,113.562
665,86,8,109.099
665,86,1,677.377
665,86,7,110.92
665,86,6,105.597
665,86,5,67.787
665,86,4,78.854
665,86,3,93.989
665,86,2,75.374
665,86,1,82.367
665,96,7,1392.5049999999999
665,96,45,397.667
665,96,44,495.417
665,96,43,499.421
665,96,6,3449.406
665,96,42,495.705
665,96,41,503.139
665,96,40,481.265
665,96,39,492.264
665,96,38,491.378
665,96,37,495.863
665,96,36,489.792
665,96,5,3372.44
665,96,35,491.573
665,96,34,489.841
665,96,33,493.304
665,96,32,489.766
665,96,31,490.764
665,96,30,459.435
665,96,29,457.757
665,96,4,2869.2079999999996
665,96,28,433.978
665,96,27,416.246
665,96,26,312.836
665,96,25,340.833
665,96,24,488.35
665,96,23,424.76
665,96,22,452.205
665,96,3,2145.539
665,96,21,373.594
665,96,20,307.63
665,96,19,297.864
665,96,18,341.825
665,96,17,304.378
665,96,16,267.035
665,96,15,253.213
665,96,2,1508.0729999999999
665,96,14,281.65
665,96,13,227.128
665,96,12,221.1
665,96,11,218.291
665,96,10,193.278
665,96,9,190.472
665,96,8,176.154
665,96,1,898.4530000000001
665,96,7,135.629
665,96,6,104.808
665,96,5,134.018
665,96,4,128.339
665,96,3,90.371
665,96,2,161.719
665,96,1,78.988
665,99,4,167.51999999999998
665,99,23,83.282
665,99,22,84.238
665,99,3,597.846
665,99,21,64.242
665,99,20,60.375
665,99,19,59.616
665,99,18,112.26
665,99,17,134.632
665,99,16,110.038
665,99,15,56.683
665,99,2,519.832
665,99,14,97.888
665,99,13,104.403
665,99,12,89.576
665,99,11,67.12
665,99,10,53.872
665,99,9,55.235
665,99,8,51.738
665,99,1,449.47799999999995
665,99,7,49.058
665,99,6,55.116
665,99,5,60.173
665,99,4,61.14
665,99,3,58.731
665,99,2,61.143
665,99,1,62.645
665,90,7,2227.235
665,90,47,435.939
665,90,46,471.727
665,90,45,465.934
665,90,44,449.034
665,90,43,404.601
665,90,6,3160.735
665,90,42,430.152
665,90,41,455.167
665,90,40,480.716
665,90,39,466.217
665,90,38,425.516
665,90,37,449.782
665,90,36,453.185
665,90,5,2903.4260000000004
665,90,35,455.016
665,90,34,393.293
665,90,33,429.055
665,90,32,414.645
665,90,31,390.246
665,90,30,412.023
665,90,29,409.148
665,90,4,2462.256
665,90,28,370.637
665,90,27,382.289
665,90,26,398.826
665,90,25,404.776
665,90,24,369.552
665,90,23,291.661
665,90,22,244.515
665,90,3,1604.9119999999998
665,90,21,245.758
665,90,20,260.475
665,90,19,248.42
665,90,18,242.064
665,90,17,204.447
665,90,16,195.543
665,90,15,208.205
665,90,2,1153.794
665,90,14,151.127
665,90,13,172.726
665,90,12,181.963
665,90,11,135.217
665,90,10,157.071
665,90,9,207.613
665,90,8,148.077
665,90,1,1089.954
665,90,7,123.316
665,90,6,169.38
665,90,5,166.726
665,90,4,169.953
665,90,3,148.797
665,90,2,137.041
665,90,1,117.199
665,95,7,2512.198
665,95,49,151.512
665,95,47,387.658
665,95,46,498.37
665,95,45,494.037
665,95,44,491.462
665,95,43,489.159
665,95,6,3139.2780000000002
665,95,42,493.191
665,95,41,469.495
665,95,40,462.913
665,95,39,489.346
665,95,38,396.772
665,95,37,408.3
665,95,36,419.261
665,95,5,2862.491
665,95,35,411.702
665,95,34,432.242
665,95,33,423.014
665,95,32,396.586
665,95,31,421.198
665,95,30,406.245
665,95,29,371.504
665,95,4,1862.676
665,95,28,327.208
665,95,27,264.1
665,95,26,234.1
665,95,25,214.321
665,95,24,203.067
665,95,23,334.842
665,95,22,285.038
665,95,3,1742.113
665,95,21,247.939
665,95,20,234.757
665,95,19,212.435
665,95,18,299.504
665,95,17,322.266
665,95,16,211.257
665,95,15,213.955
665,95,2,1054.635
665,95,14,116.613
665,95,13,13.782
665,95,12,166.405
665,95,11,272.28
665,95,10,169.546
665,95,9,177.994
665,95,8,138.015
665,95,1,848.7789999999999
665,95,7,134.366
665,95,6,129.097
665,95,5,163.447
665,95,4,125.543
665,95,3,103.771
665,95,2,54.219
665,95,1,66.685
665,97,7,2241.441
665,97,49,109.631
665,97,48,67.283
665,97,47,329.574
665,97,46,458.177
665,97,45,442.515
665,97,44,431.842
665,97,43,402.419
665,97,6,2305.674
665,97,42,385.574
665,97,41,367.927
665,97,40,342.952
665,97,39,342.446
665,97,38,334.412
665,97,37,267.884
665,97,36,264.479
665,97,5,1425.297
665,97,35,223.696
665,97,34,183.136
665,97,33,164.936
665,97,32,153.873
665,97,31,212.678
665,97,30,243.278
665,97,29,243.7
665,97,4,1283.164
665,97,28,183.783
665,97,27,106.475
665,97,26,195.502
665,97,25,204.354
665,97,24,207.509
665,97,23,193.484
665,97,22,192.057
665,97,3,900.904
665,97,21,173.117
665,97,20,175.567
665,97,19,133.856
665,97,18,108.655
665,97,17,143.851
665,97,16,106.185
665,97,15,59.673
665,97,2,730.138
665,97,14,134.619
665,97,13,120.938
665,97,12,107.846
665,97,11,78.873
665,97,10,120.805
665,97,9,109.609
665,97,8,57.448
665,97,1,470.65
665,97,7,99.14
665,97,6,113.903
665,97,5,110.599
665,97,4,74.888
665,97,3,72.12
665,93,7,484.67100000000005
665,93,44,94.422
665,93,43,390.249
665,93,6,1887.388
665,93,42,309.509
665,93,41,244.903
665,93,40,219.026
665,93,39,279.29
665,93,38,290.227
665,93,37,288.528
665,93,36,255.905
665,93,5,1716.788
665,93,35,263.415
665,93,34,256.079
665,93,33,249.478
665,93,32,241.011
665,93,31,234.915
665,93,30,244.548
665,93,29,227.342
665,93,4,733.7919999999999
665,93,28,183.666
665,93,27,126.967
665,93,26,104.047
665,93,25,90.589
665,93,24,82.798
665,93,23,62.208
665,93,22,83.517
665,93,3,487.753
665,93,21,79.557
665,93,20,57.652
665,93,19,47.814
665,93,18,47.857
665,93,17,47.121
665,93,16,106.647
665,93,15,101.105
665,93,2,427.195
665,93,14,75.715
665,93,13,70.641
665,93,12,65.845
665,93,11,43.921
665,93,10,40.171
665,93,9,75.323
665,93,8,55.579
665,93,1,412.80800000000005
665,93,7,46.491
665,93,6,41.723
665,93,5,66.68
665,93,4,73.975
665,93,3,56.986
665,93,2,52.701
665,93,1,36.048
1118,14,7,968.125
1118,14,45,301.525
1118,14,44,339.857
1118,14,43,326.743
1118,14,6,2099.061
1118,14,42,294.164
1118,14,41,300.564
1118,14,40,293.695
1118,14,39,307.507
1118,14,38,275.781
1118,14,37,327.14
1118,14,36,300.21
1118,14,5,1585.263
1118,14,35,300.453
1118,14,34,294.377
1118,14,33,288.26
1118,14,32,288.825
1118,14,31,173.621
1118,14,30,126.08
1118,14,29,113.647
1118,14,4,560.11
1118,14,28,105.906
1118,14,27,87.433
1118,14,26,83.611
1118,14,25,76.903
1118,14,24,71.635
1118,14,23,71.372
1118,14,22,63.25
1118,14,3,755.895
1118,14,21,71.473
1118,14,20,71.522
1118,14,19,91.509
1118,14,18,170.445
1118,14,17,148.076
1118,14,16,106.597
1118,14,15,96.273
1118,14,2,529.383
1118,14,14,88.721
1118,14,13,89.483
1118,14,12,90.929
1118,14,11,76.454
1118,14,10,64.904
1118,14,9,68.346
1118,14,8,50.546
1118,14,1,396.40000000000003
1118,14,7,49.416
1118,14,6,50.802
1118,14,5,48.37
1118,14,4,47.662
1118,14,3,53.558
1118,14,2,50.406
1118,14,1,37.331
1118,20,7,747.039
1118,20,46,179.562
1118,20,44,94.02
1118,20,43,473.457
1118,20,6,2694.141
1118,20,42,412.033
1118,20,41,329.13
1118,20,40,341.093
1118,20,39,392.88
1118,20,38,412.076
1118,20,37,405.424
1118,20,36,401.505
1118,20,5,2072.934
1118,20,35,345.969
1118,20,34,330.107
1118,20,33,319.054
1118,20,32,278.025
1118,20,31,271.572
1118,20,30,265.735
1118,20,29,262.472
1118,20,4,1055.058
1118,20,28,236.627
1118,20,27,175.53
1118,20,26,155.692
1118,20,25,122.202
1118,20,24,111.962
1118,20,23,134.516
1118,20,22,118.529
1118,20,3,661.876
1118,20,21,111.393
1118,20,20,79.706
1118,20,19,76.673
1118,20,18,73.148
1118,20,17,73.342
1118,20,16,150.129
1118,20,15,97.485
1118,20,2,469.89799999999997
1118,20,14,114.599
1118,20,13,76.698
1118,20,12,58.384
1118,20,11,50.522
1118,20,10,50.179
1118,20,9,71.735
1118,20,8,47.781
1118,20,1,435.98900000000003
1118,20,7,41.259
1118,20,6,42.011
1118,20,5,81.781
1118,20,4,92.647
1118,20,3,44.45
1118,20,2,41.287
1118,20,1,40.257
1118,12,7,3224.8499999999995
1118,12,48,275.611
1118,12,47,610.209
1118,12,46,593.802
1118,12,45,575.131
1118,12,44,582.069
1118,12,43,588.028
1118,12,6,3415.4399999999996
1118,12,42,575.385
1118,12,41,521.043
1118,12,40,562.91
1118,12,39,546.49
1118,12,38,460.147
1118,12,37,359.791
1118,12,36,389.674
1118,12,5,2537.3360000000002
1118,12,35,301.95
1118,12,34,341.478
1118,12,33,342.186
1118,12,32,367.505
1118,12,31,405.134
1118,12,30,371.984
1118,12,29,407.099
1118,12,4,2061.1249999999995
1118,12,28,349.588
1118,12,27,287.614
1118,12,26,320.031
1118,12,25,319.679
1118,12,24,280.424
1118,12,23,262.109
1118,12,22,241.68
1118,12,3,1287.6989999999998
1118,12,21,256.61
1118,12,20,139.804
1118,12,19,164.361
1118,12,18,222.713
1118,12,17,126.588
1118,12,16,167.519
1118,12,15,210.104
1118,12,2,1169.5349999999999
1118,12,14,217.512
1118,12,13,208.668
1118,12,12,173.409
1118,12,11,177.015
1118,12,10,167.356
1118,12,9,156.334
1118,12,8,69.241
1118,12,1,632.376
1118,12,7,130.613
1118,12,6,127.598
1118,12,5,85.779
1118,12,4,64.043
1118,12,3,52.637
1118,12,2,75.043
1118,12,1,48.347
1118,21,7,3271.498
1118,21,47,648.4
1118,21,46,774.989
1118,21,45,708.882
1118,21,44,602.616
1118,21,43,536.611
1118,21,6,4109.331999999999
1118,21,42,513.887
1118,21,41,458.588
1118,21,40,600.665
1118,21,39,639.176
1118,21,38,633.879
1118,21,37,676.832
1118,21,36,586.305
1118,21,5,2500.327
1118,21,35,457.703
1118,21,34,412.629
1118,21,33,470.445
1118,21,32,383.938
1118,21,31,331.878
1118,21,30,306.217
1118,21,29,137.517
1118,21,4,2484.911
1118,21,28,234.524
1118,21,27,444.525
1118,21,26,402.375
1118,21,25,348.588
1118,21,24,385.528
1118,21,23,328.371
1118,21,22,341.0
1118,21,3,1168.6230000000003
1118,21,21,264.082
1118,21,20,167.407
1118,21,19,101.749
1118,21,18,210.655
1118,21,17,213.455
1118,21,16,146.856
1118,21,15,64.419
1118,21,2,721.4330000000001
1118,21,14,209.266
1118,21,13,155.263
1118,21,12,130.422
1118,21,11,79.605
1118,21,10,58.508
1118,21,9,45.528
1118,21,8,42.841
1118,21,1,485.48800000000006
1118,21,7,43.622
1118,21,6,45.453
1118,21,5,62.062
1118,21,4,66.203
1118,21,3,72.255
1118,21,2,64.824
1118,21,1,66.863
1118,16,6,4331.224
1118,16,42,274.426
1118,16,41,648.574
1118,16,40,686.004
1118,16,39,751.128
1118,16,38,777.17
1118,16,37,673.496
1118,16,36,520.426
1118,16,5,4015.9610000000002
1118,16,35,749.207
1118,16,34,712.939
1118,16,33,672.514
1118,16,32,550.534
1118,16,31,389.615
1118,16,30,518.671
1118,16,29,422.481
1118,16,4,1793.4650000000001
1118,16,28,431.306
1118,16,27,256.735
1118,16,26,129.449
1118,16,25,167.672
1118,16,24,279.508
1118,16,23,278.983
1118,16,22,249.812
1118,16,3,1431.252
1118,16,21,239.095
1118,16,20,369.967
1118,16,19,224.671
1118,16,18,102.479
1118,16,17,229.008
1118,16,16,176.235
1118,16,15,89.797
1118,16,2,1144.936
1118,16,14,311.646
1118,16,13,211.258
1118,16,12,213.6
1118,16,11,83.561
1118,16,10,81.162
1118,16,9,183.945
1118,16,8,59.764
1118,16,1,772.325
1118,16,7,266.922
1118,16,6,159.225
1118,16,5,54.091
1118,16,4,34.377
1118,16,3,51.351
1118,16,2,120.58
1118,16,1,49.468
1118,19,7,1902.7640000000001
1118,19,46,463.325
1118,19,45,559.017
1118,19,44,476.087
1118,19,43,404.335
1118,19,6,1728.0240000000001
1118,19,42,323.467
1118,19,41,303.377
1118,19,40,239.001
1118,19,39,267.753
1118,19,38,202.846
1118,19,37,187.014
1118,19,36,204.566
1118,19,5,2511.798
1118,19,35,422.781
1118,19,34,613.071
1118,19,33,506.944
1118,19,32,433.829
1118,19,31,257.923
1118,19,30,99.657
1118,19,29,177.593
1118,19,4,1611.7849999999999
1118,19,28,335.686
1118,19,27,260.37
1118,19,26,135.511
1118,19,25,111.942
1118,19,24,167.727
1118,19,23,338.784
1118,19,22,261.765
1118,19,3,1915.9990000000003
1118,19,21,291.462
1118,19,20,266.154
1118,19,19,348.814
1118,19,18,310.009
1118,19,17,254.12
1118,19,16,196.539
1118,19,15,248.901
1118,19,2,1584.278
1118,19,14,222.595
1118,19,13,286.247
1118,19,12,295.371
1118,19,11,260.999
1118,19,10,207.598
1118,19,9,152.987
1118,19,8,158.481
1118,19,1,661.9799999999999
1118,19,7,142.619
1118,19,6,125.932
1118,19,5,41.367
1118,19,4,100.169
1118,19,3,112.791
1118,19,2,62.675
1118,19,1,38.442
1118,26,7,531.492
1118,26,45,99.091
1118,26,44,111.163
1118,26,43,321.238
1118,26,6,2803.005
1118,26,42,492.65
1118,26,41,435.194
1118,26,40,408.392
1118,26,39,417.853
1118,26,38,396.242
1118,26,37,346.221
1118,26,36,306.453
1118,26,5,1848.4550000000002
1118,26,35,321.283
1118,26,34,360.669
1118,26,33,271.679
1118,26,32,177.434
1118,26,31,171.613
1118,26,30,274.748
1118,26,29,271.029
1118,26,4,1288.538
1118,26,28,241.045
1118,26,27,159.939
1118,26,26,221.277
1118,26,25,209.773
1118,26,24,176.467
1118,26,23,156.805
1118,26,22,123.232
1118,26,3,617.499
1118,26,21,102.734
1118,26,20,110.156
1118,26,19,76.97
1118,26,18,155.921
1118,26,17,13.333
1118,26,16,105.451
1118,26,15,52.934
1118,26,2,479.67600000000004
1118,26,14,93.167
1118,26,13,95.0
1118,26,12,81.222
1118,26,11,62.771
1118,26,10,46.963
1118,26,9,47.452
1118,26,8,53.101
1118,26,1,349.685
1118,26,7,55.517
1118,26,6,51.264
1118,26,5,43.319
1118,26,4,52.595
1118,26,3,35.458
1118,26,2,29.106
1118,26,1,43.688
1118,13,7,3895.2290000000003
1118,13,49,660.655
1118,13,48,641.759
1118,13,47,582.906
1118,13,46,591.287
1118,13,45,547.707
1118,13,44,472.155
1118,13,43,398.76
1118,13,6,2348.183
1118,13,42,335.089
1118,13,41,326.861
1118,13,40,340.701
1118,13,39,390.346
1118,13,38,375.376
1118,13,37,314.395
1118,13,36,265.415
1118,13,5,1970.2069999999999
1118,13,35,235.445
1118,13,34,234.045
1118,13,33,240.225
1118,13,32,320.96
1118,13,31,327.98
1118,13,30,316.667
1118,13,29,294.885
1118,13,4,1548.743
1118,13,28,229.983
1118,13,27,218.34
1118,13,26,218.067
1118,13,25,205.347
1118,13,24,235.877
1118,13,23,240.445
1118,13,22,200.684
1118,13,3,1073.273
1118,13,21,157.07
1118,13,20,87.488
1118,13,19,156.8
1118,13,18,169.788
1118,13,17,172.082
1118,13,16,157.35
1118,13,15,172.695
1118,13,2,1022.044
1118,13,14,163.048
1118,13,13,107.172
1118,13,12,149.073
1118,13,11,180.171
1118,13,10,153.104
1118,13,9,137.514
1118,13,8,131.962
1118,13,1,752.043
1118,13,7,126.9
1118,13,6,122.144
1118,13,5,108.73
1118,13,4,85.257
1118,13,3,78.403
1118,13,2,69.888
1118,13,1,77.574
1118,25,7,1115.306
1118,25,47,69.611
1118,25,46,190.11
1118,25,45,293.522
1118,25,44,290.26
1118,25,43,271.803
1118,25,6,1486.2610000000002
1118,25,42,241.526
1118,25,41,209.154
1118,25,40,237.393
1118,25,39,199.085
1118,25,38,174.836
1118,25,37,215.881
1118,25,36,208.386
1118,25,5,1358.807
1118,25,35,226.568
1118,25,34,209.33
1118,25,33,149.793
1118,25,32,143.249
1118,25,31,201.687
1118,25,30,219.316
1118,25,29,208.864
1118,25,4,818.815
1118,25,28,110.355
1118,25,27,123.986
1118,25,26,103.067
1118,25,25,122.889
1118,25,24,142.934
1118,25,23,106.759
1118,25,22,108.825
1118,25,3,648.816
1118,25,21,94.952
1118,25,20,103.338
1118,25,19,121.03
1118,25,18,114.424
1118,25,17,110.741
1118,25,16,57.133
1118,25,15,47.198
1118,25,2,371.16900000000004
1118,25,14,52.866
1118,25,13,49.757
1118,25,12,52.345
1118,25,11,53.753
1118,25,10,61.939
1118,25,9,52.023
1118,25,8,48.486
1118,25,1,286.55199999999996
1118,25,7,35.744
1118,25,6,40.98
1118,25,5,40.335
1118,25,4,33.425
1118,25,3,30.261
1118,25,2,38.554
1118,25,1,38.18
1118,23,7,1786.223
1118,23,45,274.817
1118,23,44,762.756
1118,23,43,748.65
1118,23,6,5385.527
1118,23,42,867.018
1118,23,41,855.697
1118,23,40,781.473
1118,23,39,768.43
1118,23,38,724.238
1118,23,37,703.197
1118,23,36,685.474
1118,23,5,4548.287
1118,23,35,698.668
1118,23,34,694.219
1118,23,33,603.999
1118,23,32,681.954
1118,23,31,654.099
1118,23,30,606.979
1118,23,29,608.369
1118,23,4,2629.0389999999998
1118,23,28,411.355
1118,23,27,414.76
1118,23,26,287.932
1118,23,25,327.948
1118,23,24,445.569
1118,23,23,411.554
1118,23,22,329.921
1118,23,3,2223.783
1118,23,21,338.797
1118,23,20,314.577
1118,23,19,331.207
1118,23,18,334.118
1118,23,17,357.452
1118,23,16,291.883
1118,23,15,255.749
1118,23,2,1488.309
1118,23,14,266.894
1118,23,13,234.44
1118,23,12,219.123
1118,23,11,239.257
1118,23,10,190.42
1118,23,9,174.79
1118,23,8,163.385
1118,23,1,897.54
1118,23,7,131.758
1118,23,6,109.567
1118,23,5,122.206
1118,23,4,107.543
1118,23,3,79.08
1118,23,2,129.983
1118,23,1,87.35
1118,17,7,3077.9080000000004
1118,17,49,0.0
1118,17,48,0.0
1118,17,47,633.917
1118,17,46,614.266
1118,17,45,622.127
1118,17,44,627.048
1118,17,43,580.55
1118,17,6,4909.7
1118,17,42,689.508
1118,17,41,750.808
1118,17,40,716.353
1118,17,39,713.476
1118,17,38,717.484
1118,17,37,602.106
1118,17,36,719.965
1118,17,5,3883.038
1118,17,35,660.465
1118,17,34,591.366
1118,17,33,556.214
1118,17,32,652.073
1118,17,31,524.796
1118,17,30,398.095
1118,17,29,500.029
1118,17,4,2630.5769999999998
1118,17,28,385.824
1118,17,27,432.541
1118,17,26,429.077
1118,17,25,405.332
1118,17,24,361.202
1118,17,23,337.385
1118,17,22,279.216
1118,17,3,1750.93
1118,17,21,271.86
1118,17,20,279.522
1118,17,19,295.677
1118,17,18,264.394
1118,17,17,213.721
1118,17,16,188.077
1118,17,15,237.679
1118,17,2,1312.288
1118,17,14,230.933
1118,17,13,206.793
1118,17,12,181.986
1118,17,11,126.745
1118,17,10,154.051
1118,17,9,231.636
1118,17,8,180.144
1118,17,1,1246.887
1118,17,7,151.312
1118,17,6,199.386
1118,17,5,203.397
1118,17,4,173.086
1118,17,3,164.724
1118,17,2,158.124
1118,17,1,128.895
1118,18,7,3992.483
1118,18,47,772.779
1118,18,46,827.519
1118,18,45,816.3
1118,18,44,769.976
1118,18,43,805.909
1118,18,6,5352.675
1118,18,42,819.639
1118,18,41,807.699
1118,18,40,818.559
1118,18,39,740.206
1118,18,38,728.964
1118,18,37,711.911
1118,18,36,725.697
1118,18,5,4277.713000000001
1118,18,35,643.72
1118,18,34,730.747
1118,18,33,667.82
1118,18,32,350.779
1118,18,31,636.055
1118,18,30,577.733
1118,18,29,670.859
1118,18,4,3863.889
1118,18,28,632.956
1118,18,27,569.415
1118,18,26,530.959
1118,18,25,554.892
1118,18,24,550.743
1118,18,23,534.017
1118,18,22,490.907
1118,18,3,2390.66
1118,18,21,391.436
1118,18,20,329.121
1118,18,19,329.801
1118,18,18,266.133
1118,18,17,289.145
1118,18,16,412.859
1118,18,15,372.165
1118,18,2,1764.819
1118,18,14,344.889
1118,18,13,304.934
1118,18,12,298.857
1118,18,11,256.813
1118,18,10,242.453
1118,18,9,170.865
1118,18,8,146.008
1118,18,1,914.071
1118,18,7,197.245
1118,18,6,192.27
1118,18,5,115.152
1118,18,4,90.878
1118,18,3,71.124
1118,18,2,70.239
1118,18,1,107.556
1118,24,7,2309.4219999999996
1118,24,49,102.235
1118,24,48,154.909
1118,24,47,418.282
1118,24,46,457.176
1118,24,45,427.964
1118,24,44,398.227
1118,24,43,350.629
1118,24,6,2996.153
1118,24,42,354.861
1118,24,41,426.74
1118,24,40,464.149
1118,24,39,457.0
1118,24,38,455.773
1118,24,37,421.305
1118,24,36,416.325
1118,24,5,2072.2650000000003
1118,24,35,355.642
1118,24,34,305.27
1118,24,33,296.278
1118,24,32,234.808
1118,24,31,277.637
1118,24,30,273.506
1118,24,29,329.124
1118,24,4,1748.158
1118,24,28,214.394
1118,24,27,144.865
1118,24,26,252.862
1118,24,25,284.095
1118,24,24,294.526
1118,24,23,278.49
1118,24,22,278.926
1118,24,3,1240.872
1118,24,21,241.647
1118,24,20,259.118
1118,24,19,198.865
1118,24,18,133.009
1118,24,17,191.212
1118,24,16,128.328
1118,24,15,88.693
1118,24,2,773.8889999999999
1118,24,14,179.548
1118,24,13,113.211
1118,24,12,98.786
1118,24,11,78.335
1118,24,10,137.617
1118,24,9,109.011
1118,24,8,57.381
1118,24,1,739.697
1118,24,7,93.086
1118,24,6,111.033
1118,24,5,126.106
1118,24,4,75.26
1118,24,3,114.853
1118,24,2,128.228
1118,24,1,61.057
1118,22,7,2877.878
1118,22,47,152.686
1118,22,46,669.561
1118,22,45,678.519
1118,22,44,656.165
1118,22,43,720.947
1118,22,6,4173.857
1118,22,42,659.634
1118,22,41,612.304
1118,22,40,576.061
1118,22,39,658.927
1118,22,38,581.67
1118,22,37,536.062
1118,22,36,549.199
1118,22,5,3662.9269999999997
1118,22,35,575.136
1118,22,34,503.945
1118,22,33,512.087
1118,22,32,568.051
1118,22,31,532.415
1118,22,30,507.486
1118,22,29,463.807
1118,22,4,2419.98
1118,22,28,404.726
1118,22,27,349.527
1118,22,26,325.085
1118,22,25,293.216
1118,22,24,225.259
1118,22,23,437.871
1118,22,22,384.296
1118,22,3,2242.332
1118,22,21,344.98
1118,22,20,337.84
1118,22,19,256.37
1118,22,18,366.909
1118,22,17,409.085
1118,22,16,293.688
1118,22,15,233.46
1118,22,2,1523.8719999999998
1118,22,14,134.654
1118,22,13,279.178
1118,22,12,254.99
1118,22,11,256.804
1118,22,10,192.558
1118,22,9,215.981
1118,22,8,189.707
1118,22,1,977.846
1118,22,7,155.995
1118,22,6,151.498
1118,22,5,189.457
1118,22,4,167.447
1118,22,3,141.722
1118,22,2,62.971
1118,22,1,54.59
1118,15,7,1937.755
1118,15,46,261.102
1118,15,45,454.3
1118,15,44,657.586
1118,15,43,564.767
1118,15,6,2985.77
1118,15,42,411.104
1118,15,41,339.585
1118,15,40,308.903
1118,15,39,407.693
1118,15,38,548.12
1118,15,37,522.31
1118,15,36,448.055
1118,15,5,2097.2470000000003
1118,15,35,237.058
1118,15,34,225.558
1118,15,33,379.103
1118,15,32,277.137
1118,15,31,208.496
1118,15,30,347.028
1118,15,29,422.867
1118,15,4,1238.798
1118,15,28,193.799
1118,15,27,216.267
1118,15,26,213.014
1118,15,25,201.11
1118,15,24,172.764
1118,15,23,120.129
1118,15,22,121.715
1118,15,3,1303.2359999999996
1118,15,21,139.379
1118,15,20,152.825
1118,15,19,315.909
1118,15,18,225.789
1118,15,17,199.884
1118,15,16,170.697
1118,15,15,98.753
1118,15,2,752.0519999999999
1118,15,14,79.351
1118,15,13,135.796
1118,15,12,172.284
1118,15,11,141.624
1118,15,10,94.725
1118,15,9,76.905
1118,15,8,51.367
1118,15,1,396.7170000000001
1118,15,7,44.442
1118,15,6,63.786
1118,15,5,68.929
1118,15,4,46.282
1118,15,3,47.586
1118,15,2,37.804
1118,15,1,49.971
